   1.0955700e+05   9.6712000e+04   1.0172300e+05   1.7882000e+05   1.1675600e+05   1.0593300e+05   9.2888000e+04   1.7377600e+05   9.7681000e+04   1.2338900e+05   1.0980200e+05   1.2768700e+05   1.5055900e+05   7.2939000e+04   1.2075500e+05   1.4321200e+05
   1.0556800e+05   8.7021000e+04   1.0737200e+05   1.6226700e+05   7.8712000e+04   6.9315000e+04   8.1581000e+04   1.6806900e+05   7.3927000e+04   7.6275000e+04   1.1473000e+05   1.6438300e+05   9.4004000e+04   1.1060500e+05   1.2535000e+05   1.7141100e+05
   1.5284200e+05   7.3110000e+04   9.0914000e+04   1.1991100e+05   1.6461500e+05   5.6363000e+04   5.9741000e+04   1.7638400e+05   1.6262300e+05   7.0354000e+04   8.5250000e+04   1.9074300e+05   1.3879800e+05   8.1500000e+04   8.1913000e+04   2.0424500e+05
   1.1749200e+05   1.2264200e+05   1.1692900e+05   1.4870700e+05   1.1990400e+05   1.2395500e+05   1.2916300e+05   1.3333300e+05   1.3075700e+05   1.1494100e+05   1.2500700e+05   1.4529200e+05   1.4054700e+05   1.3264200e+05   1.3199100e+05   1.4481600e+05
   1.2584300e+05   1.2164500e+05   1.1498900e+05   1.3632600e+05   9.6914000e+04   1.0993200e+05   1.2858500e+05   1.1023100e+05   1.0563400e+05   1.0627400e+05   1.1592000e+05   1.3359900e+05   1.0469200e+05   1.1596900e+05   1.1672300e+05   1.3296200e+05
   1.3194200e+05   9.1510000e+04   8.5157000e+04   1.1061700e+05   1.3662100e+05   1.0558000e+05   1.0889300e+05   9.9873000e+04   1.3780000e+05   9.7207000e+04   9.4131000e+04   1.2931500e+05   9.7722000e+04   1.1200000e+05   9.2342000e+04   1.1327000e+05
   1.1408200e+05   1.1420000e+05   1.4478800e+05   1.3619900e+05   1.0853300e+05   1.1148700e+05   1.3055700e+05   1.9072800e+05   1.3844000e+05   8.6638000e+04   1.2585600e+05   1.8282500e+05   1.1900500e+05   9.9860000e+04   1.1591600e+05   1.8694600e+05
   1.2101600e+05   1.0815100e+05   9.9436000e+04   2.1221900e+05   1.1099200e+05   8.9314000e+04   9.9080000e+04   2.0362100e+05   1.1598100e+05   1.2215400e+05   1.3118700e+05   2.1110600e+05   1.3324400e+05   1.1088900e+05   1.9242600e+05   1.6253900e+05
   1.8810600e+05   1.1202500e+05   1.0037700e+05   1.3754800e+05   1.9513400e+05   1.1780000e+05   8.5009000e+04   1.2189200e+05   1.8640400e+05   1.1529100e+05   1.1395300e+05   1.2443000e+05   1.5108400e+05   1.0454000e+05   1.0010300e+05   1.2698500e+05
   1.1292300e+05   1.4225900e+05   1.2833100e+05   1.7474100e+05   1.2260500e+05   1.2821900e+05   1.1736500e+05   1.2967200e+05   1.3185500e+05   1.0648000e+05   1.1492100e+05   1.2736400e+05   9.7910000e+04   1.1209100e+05   1.1364400e+05   1.3944800e+05
